# Tallinn 2
# Johvi,N?ges,000[M],Value
# Johvi,Oblikas,000[M],Value
# Johvi,Paju,000[M],Value
# Johvi,Pappel,000[M],Value
# Johvi,Puju,000[M],Value
# Johvi,Saar,000[M],Value
# Johvi,Saar,000[M],Value
# Johvi,Tamm,000[M],Value
# Johvi,Vaher,000[M],Value
P02*
1 MNOGE000 1 [tk/m3]
2 MNOGE000 0
3 MOBLI000 1 [tk/m3]
4 MOBLI000 0
5 MPAJU000 1 [tk/m3]
6 MPAJU000 0
7 MPAPP000 1 [tk/m3]
8 MPAPP000 0
9 MPUJU000 1 [tk/m3]
10 MPUJU000 0
11 MSAAR000 1 [tk/m3]
12 MSAAR000 0
13 MSAAR000 1 [tk/m3]
14 MSAAR000 0
15 MTAMM000 1 [tk/m3]
16 MTAMM000 0
17 MVAHE000 1 [tk/m3]
18 MVAHE000 0
EOH
140304, 0000, 6, 14, 0, 14, 23, 14, 0, 14, 0, 14, 50, 14, 0, 14, 0, 14, 15, 14, 
140305, 0000, 0, 14, 0, 14, 0, 14, 0, 14, 44, 14, 0, 14, 0, 14, 81, 14, 0, 14, 
140306, 0000, 45, 14, 0, 14, 118, 14, 0, 14, 0, 14, 200, 14, 0, 14, 400, 14, 0, 14, 
140307, 0000, 0, 14, 0, 14, 91, 14, 0, 14, 66, 14, 78, 14, 0, 14, 0, 14, 0, 14, 
140308, 0000, 1, 14, 0, 14, 5, 14, 0, 14, 7, 14, 7, 14, 0, 14, 0, 14, 16, 14, 
140309, 0000, 4, 14, 0, 14, 0, 14, 34, 14, 0, 14, 0, 14, 0, 14, 78, 14, 0, 14, 
140310, 0000, 0, 14, 25, 14, 0, 14, 68, 14, 0, 14, 0, 14, 0, 14, 15, 14, 0, 14, 
140311, 0000, 0, 14, 78, 14, 0, 14, 0, 14, 0, 14, 0, 14, 366, 14, 0, 14, 48, 14, 
EOF