# Tallinn 2
# Jêhvi, Nêges, 000[M], Value
# Jêhvi, Oblikas, 000[M], Value
# Jêhvi, Paju, 000[M], Value
# Jêhvi, Pappel, 000[M], Value
# Jêhvi, Puju, 000[M], Value
# Jêhvi, Saar, 000[M], Value
# Jêhvi,Sarapuu,000[M],Value
# Jêhvi, Tamm, 000[M], Value
# Jêhvi, Vaher, 000[M], Value
P02*
1 MNOGE000 1 [tk/m3]
2 MNOGE000 0
3 MOBLI000 1 [tk/m3]
4 MOBLI000 0
5 MPAJU000 1 [tk/m3]
6 MPAJU000 0
7 MPAPP000 1 [tk/m3]
8 MPAPP000 0
9 MPUJU000 1 [tk/m3]
10 MPUJU000 0
11 MSAAR000 1 [tk/m3]
12 MSAAR000 0
13 MSARA000 1 [tk/m3]
14 MSARA000 0
15 MTAMM000 1 [tk/m3]
16 MTAMM000 0
17 MVAHE000 1 [tk/m3]
18 MVAHE000 0
EOH
150401, 0000, 0, 14, 0, 14, 0, 14, 0, 14, 0, 14, 0, 14, 0, 14, 0, 14, 0, 14, 
150402, 0000, 0, 14, 0, 14, 0, 14, 0, 14, 0, 14, 0, 14, 0, 14, 0, 14, 0, 14, 
150403, 0000, 0, 14, 0, 14, 0, 14, 0, 14, 0, 14, 0, 14, 0, 14, 0, 14, 0, 14, 
150404, 0000, 0, 14, 0, 14, 0, 14, 1, 14, 0, 14, 0, 14, 0, 14, 0, 14, 0, 14, 
150405, 0000, 0, 14, 0, 14, 0, 14, 5, 5, 0, 14, 0, 14, 0, 14, 0, 14, 0, 14, 
150406, 0000, 0, 14, 0, 14, 0, 14, 1, 14, 0, 14, 0, 14, 0, 14, 0, 14, 0, 14, 
150407, 0000, 0, 14, 0, 14, 0, 14, 1, 14, 0, 14, 0, 14, 0, 14, 0, 14, 0, 14, 
150408, 0000,    ,    ,    ,    ,    ,    ,    ,    ,    ,    ,    ,    ,    ,    ,    ,    ,    ,    , 
EOF
