# Tallinn 2
# Marja, Nêges, 000[M], Value
# Marja, Oblikas, 000[M], Value
# Marja, Paju, 000[M], Value
# Marja, Pappel, 000[M], Value
# Marja, Puju, 000[M], Value
# Marja, Saar, 000[M], Value
# Marja,Sarapuu,000[M],Value
# Marja, Tamm, 000[M], Value
# Marja, Vaher, 000[M], Value
P01*
1 MNOGE000 1 [tk/m3]
2 MNOGE000 0
3 MOBLI000 1 [tk/m3]
4 MOBLI000 0
5 MPAJU000 1 [tk/m3]
6 MPAJU000 0
7 MPAPP000 1 [tk/m3]
8 MPAPP000 0
9 MPUJU000 1 [tk/m3]
10 MPUJU000 0
11 MSAAR000 1 [tk/m3]
12 MSAAR000 0
13 MSARA000 1 [tk/m3]
14 MSARA000 0
15 MTAMM000 1 [tk/m3]
16 MTAMM000 0
17 MVAHE000 1 [tk/m3]
18 MVAHE000 0
EOH
150401, 0000, 0, 14, 0, 14, 1, 14, 0, 14, 0, 14, 0, 14, 0, 14, 0, 14, 0, 14, 
150402, 0000, 0, 14, 0, 14, 0, 14, 0, 14, 0, 14, 0, 14, 0, 14, 0, 14, 0, 14, 
150403, 0000, 0, 14, 0, 14, 0, 14, 1, 14, 0, 14, 0, 14, 0, 14, 0, 14, 0, 14, 
150404, 0000, 0, 14, 0, 14, 0, 14, 4, 5, 0, 14, 0, 14, 0, 14, 0, 14, 0, 14, 
150405, 0000, 0, 14, 0, 14, 0, 14, 0, 14, 0, 14, 0, 14, 0, 14, 0, 14, 0, 14, 
150406, 0000, 0, 14, 0, 14, 0, 14, 9, 5, 0, 14, 0, 14, 0, 14, 0, 14, 0, 14, 
150407, 0000, 0, 14, 0, 14, 1, 14, 9, 5, 0, 14, 0, 14, 0, 14, 0, 14, 0, 14, 
150408, 0000, 0, 14, 0, 14, 0, 14, 0, 14, 0, 14, 0, 14, 0, 14, 0, 14, 0, 14, 
EOF
