# Tallinn 1
# Marja,UIP,000[M],Value
# Marja,Alternaria,000[M],Value
# Marja,Cladosporum,000[M],Value
# Marja,Jalakas,000[M],Value
# Marja,Kadakas,000[M],Value
# Marja,Kask,000[M],Value
# Marja,Kêrrelised,000[M],Value
# Marja,Kuusk,000[M],Value
# Marja,Lepp,000[M],Value
# Marja,MÌnd,000[M],Value
P01*
1 M0UIP000 1 [tk/m3]
2 M0UIP000 0
3 MALTR000 1 [tk/m3]
4 MALTR000 0
5 MCLAD000 1 [tk/m3]
6 MCLAD000 0
7 MJALA000 1 [tk/m3]
8 MJALA000 0
9 MKADA000 1 [tk/m3]
10 MKADA000 0
11 MKASK000 1 [tk/m3]
12 MKASK000 0
13 MKORR000 1 [tk/m3]
14 MKORR000 0
15 MKUUS000 1 [tk/m3]
16 MKUUS000 0
17 MLEPP000 1 [tk/m3]
18 MLEPP000 0
19 MMAND000 1 [tk/m3]
20 MMAND000 0
EOH
150401, 0000, 0, 14, 0, 14, 32, 5, 0, 14, 0, 14, 1, 14, 0, 14, 0, 14, 2, 5, 0, 14, 
150402, 0000, 0, 14, 0, 14, 5, 5, 0, 14, 0, 14, 0, 14, 0, 14, 0, 14, 1, 14, 0, 14, 
150403, 0000, 0, 14, 0, 14, 19, 5, 0, 14, 0, 14, 0, 14, 0, 14, 0, 14, 0, 14, 0, 14, 
150404, 0000, 0, 14, 1, 14, 41, 5, 0, 14, 0, 14, 0, 14, 0, 14, 0, 14, 0, 14, 0, 14, 
150405, 0000, 0, 14, 0, 14, 37, 5, 0, 14, 0, 14, 0, 14, 0, 14, 0, 14, 0, 14, 0, 14, 
150406, 0000, 0, 14, 0, 14, 91, 5, 0, 14, 0, 14, 0, 14, 0, 14, 0, 14, 4, 5, 0, 14, 
150407, 0000, 0, 14, 0, 14, 50, 5, 0, 14, 0, 14, 0, 14, 0, 14, 0, 14, 10, 5, 0, 14, 
150408, 0000, 0, 14, 0, 14, 0, 14, 0, 14, 0, 14, 0, 14, 0, 14, 0, 14, 0, 14, 0, 14, 
EOF
